Instance: tspa
Method: LargeNeighborhoodSearchWithLS
Best Solution Path: 112, 4, 190, 10, 177, 54, 48, 160, 34, 181, 42, 5, 115, 46, 68, 139, 41, 193, 159, 146, 22, 18, 108, 140, 93, 117, 0, 143, 183, 89, 186, 23, 137, 176, 80, 79, 63, 94, 124, 148, 9, 62, 102, 144, 14, 49, 178, 106, 52, 55, 57, 129, 92, 179, 185, 40, 119, 165, 90, 81, 196, 145, 78, 31, 56, 113, 175, 171, 16, 25, 44, 120, 2, 152, 97, 1, 101, 75, 86, 26, 100, 53, 180, 154, 135, 70, 127, 123, 162, 133, 151, 51, 118, 59, 65, 116, 43, 184, 35, 84
Best Solution Cost: 69137

Instance: tspa
Method: LargeNeighborhoodSearchWithoutLS
Best Solution Path: 190, 10, 177, 54, 48, 160, 34, 181, 146, 22, 18, 108, 69, 159, 193, 41, 42, 43, 116, 65, 131, 149, 162, 133, 151, 51, 118, 59, 115, 139, 46, 68, 140, 93, 117, 0, 143, 183, 89, 186, 23, 137, 176, 80, 79, 63, 94, 124, 148, 9, 62, 102, 144, 14, 49, 178, 106, 52, 55, 185, 40, 165, 90, 81, 196, 179, 57, 129, 92, 145, 78, 31, 56, 113, 175, 171, 16, 25, 44, 120, 2, 152, 97, 1, 101, 75, 86, 26, 100, 53, 180, 154, 135, 70, 127, 123, 112, 4, 84, 184
Best Solution Cost: 69362

Instance: tspa
Method: IteratedLocalSearch
Best Solution Path: 86, 26, 100, 53, 180, 154, 135, 70, 127, 123, 162, 133, 151, 51, 118, 59, 149, 131, 184, 84, 112, 4, 190, 10, 177, 54, 48, 160, 34, 181, 42, 43, 65, 116, 115, 46, 68, 139, 41, 193, 159, 146, 22, 18, 108, 140, 93, 117, 0, 143, 183, 89, 186, 23, 137, 176, 80, 79, 63, 94, 124, 148, 9, 62, 102, 144, 14, 49, 178, 106, 52, 55, 185, 40, 119, 165, 90, 81, 196, 179, 57, 129, 92, 145, 78, 31, 56, 113, 175, 171, 16, 25, 44, 120, 2, 152, 97, 1, 101, 75
Best Solution Cost: 69224

Instance: tspa
Method: MSLS
Best Solution Path: 15, 148, 9, 62, 102, 49, 14, 3, 178, 106, 52, 55, 57, 92, 129, 2, 152, 124, 94, 63, 79, 80, 176, 137, 23, 186, 89, 183, 143, 117, 0, 46, 115, 139, 41, 193, 159, 108, 18, 22, 146, 34, 48, 54, 177, 10, 190, 4, 112, 84, 184, 160, 181, 42, 5, 43, 116, 65, 149, 59, 118, 51, 151, 133, 162, 123, 127, 135, 154, 180, 53, 100, 26, 97, 1, 101, 86, 75, 120, 44, 25, 16, 171, 175, 113, 56, 31, 81, 196, 78, 145, 179, 185, 40, 165, 90, 164, 7, 21, 144
Best Solution Cost: 70942


Instance: tspb
Method: LargeNeighborhoodSearchWithLS
Best Solution Path: 152, 183, 140, 4, 149, 28, 20, 60, 148, 47, 94, 66, 179, 22, 99, 130, 95, 185, 86, 166, 194, 176, 113, 103, 127, 89, 163, 187, 153, 81, 77, 141, 91, 61, 36, 177, 5, 78, 175, 142, 45, 80, 190, 136, 73, 54, 31, 193, 117, 198, 156, 1, 16, 27, 38, 63, 40, 107, 133, 122, 135, 131, 121, 51, 90, 191, 147, 6, 188, 169, 132, 70, 3, 15, 145, 13, 195, 168, 139, 11, 138, 33, 160, 144, 104, 8, 21, 82, 111, 29, 0, 109, 35, 143, 106, 124, 62, 18, 55, 34
Best Solution Cost: 43577

Instance: tspb
Method: LargeNeighborhoodSearchWithoutLS
Best Solution Path: 147, 90, 51, 121, 131, 135, 122, 133, 107, 40, 63, 38, 27, 16, 1, 156, 198, 117, 193, 31, 54, 73, 136, 190, 80, 45, 142, 175, 78, 5, 177, 36, 61, 91, 141, 77, 81, 153, 187, 163, 89, 127, 103, 113, 176, 194, 166, 86, 185, 95, 130, 99, 22, 179, 66, 94, 47, 148, 60, 20, 28, 149, 4, 140, 183, 152, 170, 34, 55, 18, 62, 124, 106, 143, 35, 109, 0, 29, 111, 82, 21, 8, 104, 144, 160, 33, 138, 11, 139, 168, 195, 13, 145, 15, 3, 70, 132, 169, 188, 6
Best Solution Cost: 43503

Instance: tspb
Method: IteratedLocalSearch
Best Solution Path: 13, 195, 168, 139, 11, 138, 33, 160, 144, 104, 8, 111, 29, 0, 109, 35, 143, 106, 124, 62, 18, 55, 34, 170, 152, 183, 140, 4, 149, 28, 20, 60, 148, 47, 94, 66, 179, 22, 99, 130, 95, 185, 86, 166, 194, 176, 113, 103, 114, 137, 127, 89, 163, 187, 153, 81, 77, 141, 91, 61, 36, 177, 5, 78, 175, 142, 45, 80, 190, 136, 73, 54, 31, 193, 117, 198, 156, 1, 27, 38, 131, 121, 51, 90, 122, 135, 63, 40, 107, 133, 10, 147, 6, 188, 169, 132, 70, 3, 15, 145
Best Solution Cost: 43552

Instance: tspb
Method: MSLS
Best Solution Path: 111, 8, 104, 144, 160, 33, 138, 182, 139, 11, 29, 0, 35, 109, 168, 195, 145, 15, 3, 70, 13, 132, 169, 188, 6, 147, 134, 74, 118, 51, 191, 90, 121, 131, 135, 122, 133, 107, 40, 100, 63, 38, 27, 16, 1, 156, 198, 117, 193, 31, 54, 73, 190, 80, 175, 78, 5, 177, 36, 61, 141, 77, 153, 163, 89, 127, 103, 113, 180, 176, 194, 166, 86, 95, 130, 99, 185, 179, 66, 94, 47, 148, 60, 20, 28, 149, 140, 183, 152, 170, 34, 55, 18, 62, 128, 124, 106, 143, 159, 81
Best Solution Cost: 45303


